
5.0000    9
5.0200    10
5.0400    10
5.0600    6
5.0800    6
5.1000    7
5.1200    11
5.1400    11
5.1600    6
5.1800    9
5.2000    5
5.2200    9
5.2400    6
5.2600    6
5.2800    8
5.3000    11
5.3200    6
5.3400    5
5.3600    6
5.3800    6
5.4000    8
5.4200    10
5.4400    9
5.4600    5
5.4800    8
5.5000    6
5.5200    3
5.5400    5
5.5600    9
5.5800    7
5.6000    10
5.6200    11
5.6400    9
5.6600    6
5.6800    12
5.7000    6
5.7200    6
5.7400    8
5.7600    8
5.7800    6
5.8000    8
5.8200    8
5.8400    3
5.8600    7
5.8800    9
5.9000    10
5.9200    10
5.9400    9
5.9600    3
5.9800    7
6.0000    2
6.0200    5
6.0400    8
6.0600    4
6.0800    9
6.1000    8
6.1200    10
6.1400    8
6.1600    6
6.1800    8
6.2000    8
6.2200    10
6.2400    8
6.2600    7
6.2800    7
6.3000    5
6.3200    8
6.3400    6
6.3600    7
6.3800    8
6.4000    8
6.4200    11
6.4400    5
6.4600    7
6.4800    10
6.5000    5
6.5200    9
6.5400    2
6.5600    12
6.5800    8
6.6000    8
6.6200    4
6.6400    6
6.6600    7
6.6800    7
6.7000    10
6.7200    8
6.7400    4
6.7600    8
6.7800    8
6.8000    4
6.8200    5
6.8400    9
6.8600    4
6.8800    5
6.9000    4
6.9200    7
6.9400    11
6.9600    6
6.9800    5
7.0000    8
7.0200    6
7.0400    7
7.0600    7
7.0800    6
7.1000    5
7.1200    1
7.1400    10
7.1600    5
7.1800    8
7.2000    7
7.2200    5
7.2400    3
7.2600    3
7.2800    6
7.3000    3
7.3200    7
7.3400    4
7.3600    13
7.3800    10
7.4000    7
7.4200    8
7.4400    3
7.4600    6
7.4800    8
7.5000    3
7.5200    6
7.5400    11
7.5600    2
7.5800    4
7.6000    7
7.6200    4
7.6400    7
7.6600    5
7.6800    4
7.7000    7
7.7200    9
7.7400    15
7.7600    6
7.7800    6
7.8000    5
7.8200    6
7.8400    8
7.8600    5
7.8800    6
7.9000    6
7.9200    3
7.9400    5
7.9600    5
7.9800    8
8.0000    3
8.0200    8
8.0400    5
8.0600    7
8.0800    6
8.1000    7
8.1200    1
8.1400    8
8.1600    4
8.1800    5
8.2000    6
8.2200    8
8.2400    8
8.2600    3
8.2800    8
8.3000    5
8.3200    7
8.3400    7
8.3600    8
8.3800    3
8.4000    9
8.4200    6
8.4400    5
8.4600    7
8.4800    9
8.5000    6
8.5200    6
8.5400    6
8.5600    7
8.5800    5
8.6000    9
8.6200    6
8.6400    10
8.6600    8
8.6800    7
8.7000    6
8.7200    4
8.7400    7
8.7600    5
8.7800    5
8.8000    6
8.8200    12
8.8400    9
8.8600    4
8.8800    4
8.9000    4
8.9200    4
8.9400    7
8.9600    9
8.9800    9
9.0000    7
9.0200    3
9.0400    8
9.0600    6
9.0800    4
9.1000    7
9.1200    8
9.1400    10
9.1600    7
9.1800    11
9.2000    10
9.2200    7
9.2400    4
9.2600    5
9.2800    3
9.3000    8
9.3200    3
9.3400    6
9.3600    6
9.3800    6
9.4000    5
9.4200    9
9.4400    9
9.4600    9
9.4800    6
9.5000    5
9.5200    1
9.5400    8
9.5600    4
9.5800    4
9.6000    6
9.6200    4
9.6400    5
9.6600    11
9.6800    8
9.7000    11
9.7200    3
9.7400    8
9.7600    5
9.7800    9
9.8000    4
9.8200    3
9.8400    5
9.8600    3
9.8800    10
9.9000    6
9.9200    12
9.9400    6
9.9600    6
9.9800    8
10.0000   7
10.0200   7
10.0400   7
10.0600   7
10.0800   10
10.1000   5
10.1200   6
10.1400   8
10.1600   3
10.1800   7
10.2000   10
10.2200   7
10.2400   7
10.2600   5
10.2800   4
10.3000   9
10.3200   6
10.3400   4
10.3600   6
10.3800   6
10.4000   4
10.4200   3
10.4400   11
10.4600   10
10.4800   3
10.5000   6
10.5200   6
10.5400   7
10.5600   8
10.5800   10
10.6000   7
10.6200   4
10.6400   6
10.6600   3
10.6800   5
10.7000   10
10.7200   6
10.7400   9
10.7600   4
10.7800   8
10.8000   4
10.8200   11
10.8400   6
10.8600   6
10.8800   5
10.9000   9
10.9200   8
10.9400   8
10.9600   9
10.9800   6
11.0000   4
11.0200   10
11.0400   3
11.0600   7
11.0800   5
11.1000   9
11.1200   9
11.1400   7
11.1600   7
11.1800   3
11.2000   8
11.2200   5
11.2400   3
11.2600   6
11.2800   10
11.3000   4
11.3200   7
11.3400   8
11.3600   6
11.3800   4
11.4000   9
11.4200   4
11.4400   12
11.4600   8
11.4800   9
11.5000   6
11.5200   4
11.5400   2
11.5600   2
11.5800   7
11.6000   6
11.6200   7
11.6400   6
11.6600   3
11.6800   6
11.7000   10
11.7200   4
11.7400   9
11.7600   5
11.7800   6
11.8000   5
11.8200   5
11.8400   9
11.8600   9
11.8800   4
11.9000   14
11.9200   10
11.9400   11
11.9600   7
11.9800   8
12.0000   12
12.0200   4
12.0400   10
12.0600   7
12.0800   10
12.1000   10
12.1200   2
12.1400   6
12.1600   9
12.1800   4
12.2000   11
12.2200   10
12.2400   8
12.2600   3
12.2800   7
12.3000   9
12.3200   6
12.3400   4
12.3600   10
12.3800   9
12.4000   6
12.4200   7
12.4400   9
12.4600   11
12.4800   3
12.5000   9
12.5200   2
12.5400   8
12.5600   4
12.5800   7
12.6000   10
12.6200   6
12.6400   10
12.6600   5
12.6800   5
12.7000   14
12.7200   11
12.7400   9
12.7600   3
12.7800   5
12.8000   6
12.8200   3
12.8400   6
12.8600   8
12.8800   4
12.9000   8
12.9200   13
12.9400   8
12.9600   8
12.9800   7
13.0000   9
13.0200   6
13.0400   9
13.0600   7
13.0800   9
13.1000   7
13.1200   12
13.1400   12
13.1600   9
13.1800   5
13.2000   13
13.2200   9
13.2400   5
13.2600   14
13.2800   9
13.3000   5
13.3200   10
13.3400   5
13.3600   4
13.3800   9
13.4000   10
13.4200   10
13.4400   4
13.4600   8
13.4800   7
13.5000   6
13.5200   8
13.5400   2
13.5600   7
13.5800   8
13.6000   5
13.6200   8
13.6400   7
13.6600   8
13.6800   5
13.7000   5
13.7200   5
13.7400   9
13.7600   3
13.7800   7
13.8000   14
13.8200   5
13.8400   6
13.8600   10
13.8800   7
13.9000   7
13.9200   6
13.9400   7
13.9600   2
13.9800   7
14.0000   11
14.0200   10
14.0400   7
14.0600   7
14.0800   6
14.1000   7
14.1200   9
14.1400   3
14.1600   10
14.1800   7
14.2000   8
14.2200   8
14.2400   7
14.2600   5
14.2800   9
14.3000   14
14.3200   6
14.3400   5
14.3600   9
14.3800   10
14.4000   3
14.4200   4
14.4400   6
14.4600   9
14.4800   13
14.5000   4
14.5200   8
14.5400   8
14.5600   6
14.5800   13
14.6000   6
14.6200   9
14.6400   4
14.6600   6
14.6800   6
14.7000   4
14.7200   9
14.7400   8
14.7600   8
14.7800   4
14.8000   8
14.8200   5
14.8400   8
14.8600   6
14.8800   4
14.9000   9
14.9200   6
14.9400   14
14.9600   4
14.9800   5
15.0000   14
15.0200   6
15.0400   9
15.0600   10
15.0800   9
15.1000   7
15.1200   12
15.1400   5
15.1600   9
15.1800   5
15.2000   2
15.2200   13
15.2400   6
15.2600   8
15.2800   8
15.3000   7
15.3200   9
15.3400   7
15.3600   5
15.3800   4
15.4000   7
15.4200   8
15.4400   7
15.4600   9
15.4800   9
15.5000   6
15.5200   9
15.5400   11
15.5600   6
15.5800   5
15.6000   9
15.6200   6
15.6400   9
15.6600   6
15.6800   14
15.7000   5
15.7200   5
15.7400   11
15.7600   4
15.7800   9
15.8000   8
15.8200   10
15.8400   12
15.8600   6
15.8800   10
15.9000   5
15.9200   7
15.9400   4
15.9600   9
15.9800   7
16.0000   10
16.0200   10
16.0400   10
16.0600   6
16.0800   10
16.1000   10
16.1200   3
16.1400   10
16.1600   10
16.1800   7
16.2000   7
16.2200   6
16.2400   9
16.2600   10
16.2800   6
16.3000   11
16.3200   6
16.3400   6
16.3600   10
16.3800   7
16.4000   12
16.4200   10
16.4400   10
16.4600   6
16.4800   8
16.5000   11
16.5200   3
16.5400   8
16.5600   5
16.5800   6
16.6000   5
16.6200   11
16.6400   8
16.6600   8
16.6800   10
16.7000   6
16.7200   8
16.7400   9
16.7600   9
16.7800   9
16.8000   10
16.8200   4
16.8400   8
16.8600   6
16.8800   6
16.9000   5
16.9200   3
16.9400   6
16.9600   9
16.9800   8
17.0000   5
17.0200   8
17.0400   17
17.0600   7
17.0800   10
17.1000   10
17.1200   11
17.1400   12
17.1600   5
17.1800   3
17.2000   10
17.2200   14
17.2400   5
17.2600   11
17.2800   14
17.3000   15
17.3200   8
17.3400   4
17.3600   7
17.3800   8
17.4000   3
17.4200   9
17.4400   7
17.4600   13
17.4800   4
17.5000   6
17.5200   8
17.5400   6
17.5600   7
17.5800   7
17.6000   6
17.6200   4
17.6400   8
17.6600   6
17.6800   7
17.7000   6
17.7200   8
17.7400   6
17.7600   1
17.7800   9
17.8000   6
17.8200   8
17.8400   9
17.8600   7
17.8800   9
17.9000   8
17.9200   8
17.9400   8
17.9600   11
17.9800   6
18.0000   8
18.0200   2
18.0400   7
18.0600   4
18.0800   6
18.1000   7
18.1200   7
18.1400   5
18.1600   3
18.1800   2
18.2000   7
18.2200   9
18.2400   5
18.2600   10
18.2800   5
18.3000   5
18.3200   6
18.3400   10
18.3600   8
18.3800   10
18.4000   9
18.4200   6
18.4400   10
18.4600   10
18.4800   8
18.5000   6
18.5200   5
18.5400   12
18.5600   8
18.5800   3
18.6000   12
18.6200   7
18.6400   6
18.6600   3
18.6800   11
18.7000   5
18.7200   5
18.7400   4
18.7600   10
18.7800   13
18.8000   10
18.8200   11
18.8400   5
18.8600   17
18.8800   8
18.9000   6
18.9200   10
18.9400   9
18.9600   14
18.9800   14
19.0000   10
19.0200   4
19.0400   11
19.0600   9
19.0800   6
19.1000   8
19.1200   14
19.1400   7
19.1600   4
19.1800   11
19.2000   11
19.2200   7
19.2400   11
19.2600   7
19.2800   12
19.3000   8
19.3200   9
19.3400   12
19.3600   8
19.3800   10
19.4000   11
19.4200   14
19.4400   8
19.4600   11
19.4800   8
19.5000   5
19.5200   11
19.5400   9
19.5600   7
19.5800   14
19.6000   10
19.6200   10
19.6400   6
19.6600   14
19.6800   8
19.7000   11
19.7200   9
19.7400   11
19.7600   11
19.7800   8
19.8000   13
19.8200   11
19.8400   10
19.8600   7
19.8800   14
19.9000   6
19.9200   8
19.9400   17
19.9600   14
19.9800   13
20.0000   12
20.0200   10
20.0400   8
20.0600   13
20.0800   13
20.1000   10
20.1200   12
20.1400   8
20.1600   10
20.1800   10
20.2000   3
20.2200   12
20.2400   4
20.2600   9
20.2800   8
20.3000   11
20.3200   7
20.3400   6
20.3600   13
20.3800   11
20.4000   12
20.4200   10
20.4400   9
20.4600   11
20.4800   8
20.5000   5
20.5200   12
20.5400   10
20.5600   15
20.5800   12
20.6000   11
20.6200   5
20.6400   12
20.6600   10
20.6800   10
20.7000   12
20.7200   23
20.7400   12
20.7600   18
20.7800   15
20.8000   15
20.8200   15
20.8400   19
20.8600   31
20.8800   35
20.9000   40
20.9200   41
20.9400   39
20.9600   65
20.9800   65
21.0000   83
21.0200   67
21.0400   62
21.0600   44
21.0800   42
21.1000   15
21.1200   36
21.1400   13
21.1600   12
21.1800   16
21.2000   13
21.2200   26
21.2400   13
21.2600   14
21.2800   10
21.3000   12
21.3200   28
21.3400   32
21.3600   34
21.3800   39
21.4000   55
21.4200   38
21.4400   49
21.4600   80
21.4800   69
21.5000   83
21.5200   60
21.5400   46
21.5600   53
21.5800   41
21.6000   29
21.6200   17
21.6400   16
21.6600   6
21.6800   11
21.7000   13
21.7200   16
21.7400   14
21.7600   14
21.7800   13
21.8000   14
21.8200   10
21.8400   6
21.8600   7
21.8800   13
21.9000   11
21.9200   5
21.9400   13
21.9600   10
21.9800   6
22.0000   7
22.0200   7
22.0400   12
22.0600   8
22.0800   8
22.1000   12
22.1200   8
22.1400   9
22.1600   6
22.1800   5
22.2000   11
22.2200   8
22.2400   3
22.2600   4
22.2800   6
22.3000   10
22.3200   6
22.3400   9
22.3600   6
22.3800   5
22.4000   6
22.4200   9
22.4400   3
22.4600   12
22.4800   8
22.5000   6
22.5200   13
22.5400   11
22.5600   8
22.5800   10
22.6000   11
22.6200   7
22.6400   14
22.6600   12
22.6800   9
22.7000   7
22.7200   11
22.7400   7
22.7600   10
22.7800   11
22.8000   12
22.8200   8
22.8400   8
22.8600   8
22.8800   8
22.9000   10
22.9200   7
22.9400   8
22.9600   10
22.9800   9
23.0000   12
23.0200   5
23.0400   4
23.0600   11
23.0800   9
23.1000   2
23.1200   19
23.1400   13
23.1600   12
23.1800   8
23.2000   4
23.2200   6
23.2400   12
23.2600   5
23.2800   6
23.3000   8
23.3200   9
23.3400   13
23.3600   12
23.3800   9
23.4000   8
23.4200   8
23.4400   7
23.4600   8
23.4800   13
23.5000   4
23.5200   5
23.5400   10
23.5600   6
23.5800   8
23.6000   13
23.6200   7
23.6400   11
23.6600   7
23.6800   8
23.7000   7
23.7200   7
23.7400   17
23.7600   14
23.7800   13
23.8000   23
23.8200   14
23.8400   20
23.8600   21
23.8800   11
23.9000   20
23.9200   13
23.9400   19
23.9600   13
23.9800   19
24.0000   15
24.0200   11
24.0400   15
24.0600   8
24.0800   13
24.1000   13
24.1200   6
24.1400   15
24.1600   8
24.1800   8
24.2000   5
24.2200   6
24.2400   8
24.2600   13
24.2800   7
24.3000   11
24.3200   5
24.3400   7
24.3600   6
24.3800   12
24.4000   6
24.4200   8
24.4400   15
24.4600   10
24.4800   11
24.5000   7
24.5200   9
24.5400   6
24.5600   11
24.5800   4
24.6000   11
24.6200   8
24.6400   9
24.6600   7
24.6800   9
24.7000   10
24.7200   8
24.7400   6
24.7600   8
24.7800   6
24.8000   6
24.8200   9
24.8400   2
24.8600   6
24.8800   5
24.9000   9
24.9200   11
24.9400   9
24.9600   10
24.9800   12
25.0000   6
25.0200   10
25.0400   9
25.0600   6
25.0800   5
25.1000   8
25.1200   19
25.1400   10
25.1600   18
25.1800   10
25.2000   8
25.2200   8
25.2400   8
25.2600   10
25.2800   9
25.3000   7
25.3200   13
25.3400   11
25.3600   12
25.3800   7
25.4000   7
25.4200   12
25.4400   12
25.4600   11
25.4800   11
25.5000   7
25.5200   12
25.5400   10
25.5600   15
25.5800   11
25.6000   6
25.6200   11
25.6400   17
25.6600   16
25.6800   14
25.7000   14
25.7200   18
25.7400   12
25.7600   15
25.7800   8
25.8000   10
25.8200   13
25.8400   6
25.8600   7
25.8800   15
25.9000   10
25.9200   11
25.9400   4
25.9600   9
25.9800   7
26.0000   11
26.0200   13
26.0400   15
26.0600   6
26.0800   8
26.1000   5
26.1200   9
26.1400   9
26.1600   6
26.1800   11
26.2000   8
26.2200   15
26.2400   9
26.2600   8
26.2800   15
26.3000   6
26.3200   10
26.3400   5
26.3600   11
26.3800   8
26.4000   7
26.4200   12
26.4400   8
26.4600   11
26.4800   9
26.5000   7
26.5200   14
26.5400   11
26.5600   8
26.5800   9
26.6000   13
26.6200   6
26.6400   10
26.6600   12
26.6800   8
26.7000   9
26.7200   13
26.7400   12
26.7600   9
26.7800   11
26.8000   7
26.8200   10
26.8400   11
26.8600   17
26.8800   13
26.9000   15
26.9200   9
26.9400   20
26.9600   11
26.9800   11
27.0000   12
27.0200   17
27.0400   19
27.0600   19
27.0800   9
27.1000   19
27.1200   12
27.1400   21
27.1600   11
27.1800   14
27.2000   15
27.2200   14
27.2400   19
27.2600   10
27.2800   8
27.3000   14
27.3200   6
27.3400   9
27.3600   12
27.3800   16
27.4000   11
27.4200   9
27.4400   7
27.4600   12
27.4800   12
27.5000   12
27.5200   22
27.5400   7
27.5600   12
27.5800   19
27.6000   16
27.6200   7
27.6400   12
27.6600   19
27.6800   10
27.7000   9
27.7200   8
27.7400   6
27.7600   12
27.7800   8
27.8000   9
27.8200   10
27.8400   13
27.8600   14
27.8800   5
27.9000   10
27.9200   13
27.9400   11
27.9600   12
27.9800   15
28.0000   11
28.0200   11
28.0400   14
28.0600   11
28.0800   10
28.1000   12
28.1200   14
28.1400   11
28.1600   9
28.1800   17
28.2000   5
28.2200   12
28.2400   9
28.2600   6
28.2800   8
28.3000   8
28.3200   9
28.3400   7
28.3600   10
28.3800   12
28.4000   13
28.4200   6
28.4400   13
28.4600   7
28.4800   13
28.5000   17
28.5200   7
28.5400   10
28.5600   8
28.5800   8
28.6000   14
28.6200   9
28.6400   14
28.6600   9
28.6800   11
28.7000   8
28.7200   8
28.7400   9
28.7600   10
28.7800   12
28.8000   8
28.8200   9
28.8400   6
28.8600   11
28.8800   14
28.9000   12
28.9200   5
28.9400   12
28.9600   11
28.9800   6
29.0000   9
29.0200   7
29.0400   11
29.0600   15
29.0800   10
29.1000   11
29.1200   5
29.1400   5
29.1600   16
29.1800   15
29.2000   11
29.2200   10
29.2400   12
29.2600   11
29.2800   14
29.3000   16
29.3200   9
29.3400   10
29.3600   14
29.3800   13
29.4000   7
29.4200   11
29.4400   12
29.4600   14
29.4800   17
29.5000   4
29.5200   9
29.5400   13
29.5600   8
29.5800   14
29.6000   10
29.6200   14
29.6400   10
29.6600   11
29.6800   10
29.7000   12
29.7200   9
29.7400   10
29.7600   13
29.7800   10
29.8000   11
29.8200   15
29.8400   12
29.8600   14
29.8800   15
29.9000   11
29.9200   12
29.9400   15
29.9600   15
29.9800   11
30.0000   13
30.0200   21
30.0400   8
30.0600   18
30.0800   20
30.1000   12
30.1200   14
30.1400   15
30.1600   25
30.1800   19
30.2000   13
30.2200   14
30.2400   16
30.2600   20
30.2800   16
30.3000   13
30.3200   19
30.3400   18
30.3600   25
30.3800   25
30.4000   33
30.4200   33
30.4400   27
30.4600   39
30.4800   33
30.5000   48
30.5200   60
30.5400   68
30.5600   72
30.5800   87
30.6000   89
30.6200   88
30.6400   76
30.6600   61
30.6800   50
30.7000   38
30.7200   26
30.7400   26
30.7600   17
30.7800   23
30.8000   29
30.8200   17
30.8400   8
30.8600   12
30.8800   14
30.9000   18
30.9200   16
30.9400   12
30.9600   12
30.9800   12
31.0000   15
31.0200   20
31.0400   7
31.0600   15
31.0800   15
31.1000   15
31.1200   11
31.1400   17
31.1600   12
31.1800   16
31.2000   6
31.2200   14
31.2400   14
31.2600   16
31.2800   13
31.3000   20
31.3200   6
31.3400   10
31.3600   12
31.3800   17
31.4000   11
31.4200   9
31.4400   16
31.4600   15
31.4800   13
31.5000   13
31.5200   11
31.5400   17
31.5600   18
31.5800   20
31.6000   21
31.6200   21
31.6400   16
31.6600   25
31.6800   18
31.7000   21
31.7200   11
31.7400   17
31.7600   20
31.7800   28
31.8000   15
31.8200   21
31.8400   12
31.8600   11
31.8800   15
31.9000   14
31.9200   4
31.9400   13
31.9600   13
31.9800   14
32.0000   12
32.0200   13
32.0400   9
32.0600   15
32.0800   11
32.1000   12
32.1200   17
32.1400   15
32.1600   11
32.1800   20
32.2000   11
32.2200   16
32.2400   14
32.2600   20
32.2800   12
32.3000   17
32.3200   14
32.3400   7
32.3600   17
32.3800   18
32.4000   18
32.4200   14
32.4400   11
32.4600   13
32.4800   8
32.5000   13
32.5200   13
32.5400   11
32.5600   13
32.5800   13
32.6000   10
32.6200   15
32.6400   9
32.6600   12
32.6800   13
32.7000   13
32.7200   10
32.7400   11
32.7600   12
32.7800   22
32.8000   12
32.8200   10
32.8400   14
32.8600   16
32.8800   17
32.9000   21
32.9200   10
32.9400   16
32.9600   14
32.9800   25
33.0000   22
33.0200   21
33.0400   28
33.0600   29
33.0800   42
33.1000   46
33.1200   39
33.1400   52
33.1600   53
33.1800   65
33.2000   68
33.2200   77
33.2400   82
33.2600   84
33.2800   67
33.3000   69
33.3200   54
33.3400   53
33.3600   57
33.3800   34
33.4000   40
33.4200   30
33.4400   28
33.4600   28
33.4800   34
33.5000   29
33.5200   20
33.5400   19
33.5600   15
33.5800   16
33.6000   16
33.6200   16
33.6400   21
33.6600   14
33.6800   22
33.7000   24
33.7200   16
33.7400   16
33.7600   12
33.7800   10
33.8000   14
33.8200   18
33.8400   19
33.8600   9
33.8800   13
33.9000   11
33.9200   15
33.9400   14
33.9600   12
33.9800   10
34.0000   15
34.0200   18
34.0400   14
34.0600   13
34.0800   13
34.1000   16
34.1200   14
34.1400   20
34.1600   25
34.1800   17
34.2000   7
34.2200   18
34.2400   16
34.2600   19
34.2800   24
34.3000   25
34.3200   21
34.3400   38
34.3600   40
34.3800   40
34.4000   54
34.4200   70
34.4400   67
34.4600   64
34.4800   82
34.5000   100
34.5200   94
34.5400   86
34.5600   90
34.5800   78
34.6000   72
34.6200   60
34.6400   49
34.6600   39
34.6800   39
34.7000   26
34.7200   24
34.7400   24
34.7600   20
34.7800   24
34.8000   16
34.8200   29
34.8400   24
34.8600   19
34.8800   34
34.9000   26
34.9200   29
34.9400   28
34.9600   25
34.9800   43
35.0000   47
35.0200   54
35.0400   56
35.0600   63
35.0800   86
35.1000   138
35.1200   113
35.1400   132
35.1600   118
35.1800   139
35.2000   157
35.2200   135
35.2400   123
35.2600   106
35.2800   104
35.3000   91
35.3200   71
35.3400   57
35.3600   41
35.3800   45
35.4000   25
35.4200   26
35.4400   19
35.4600   20
35.4800   26
35.5000   28
35.5200   18
35.5400   27
35.5600   18
35.5800   13
35.6000   23
35.6200   19
35.6400   14
35.6600   17
35.6800   27
35.7000   21
35.7200   21
35.7400   14
35.7600   17
35.7800   20
35.8000   9
35.8200   12
35.8400   14
35.8600   12
35.8800   17
35.9000   13
35.9200   10
35.9400   13
35.9600   10
35.9800   13
36.0000   8
36.0200   15
36.0400   8
36.0600   10
36.0800   18
36.1000   18
36.1200   14
36.1400   16
36.1600   10
36.1800   12
36.2000   13
36.2200   12
36.2400   13
36.2600   15
36.2800   13
36.3000   16
36.3200   11
36.3400   16
36.3600   14
36.3800   16
36.4000   13
36.4200   17
36.4400   9
36.4600   14
36.4800   9
36.5000   13
36.5200   10
36.5400   20
36.5600   13
36.5800   14
36.6000   12
36.6200   15
36.6400   13
36.6600   9
36.6800   9
36.7000   16
36.7200   11
36.7400   16
36.7600   16
36.7800   14
36.8000   18
36.8200   16
36.8400   9
36.8600   9
36.8800   20
36.9000   18
36.9200   12
36.9400   15
36.9600   14
36.9800   11
37.0000   11
37.0200   8
37.0400   18
37.0600   10
37.0800   22
37.1000   18
37.1200   10
37.1400   15
37.1600   13
37.1800   15
37.2000   12
37.2200   19
37.2400   13
37.2600   14
37.2800   14
37.3000   14
37.3200   20
37.3400   17
37.3600   20
37.3800   28
37.4000   21
37.4200   16
37.4400   14
37.4600   32
37.4800   20
37.5000   37
37.5200   27
37.5400   35
37.5600   31
37.5800   34
37.6000   35
37.6200   25
37.6400   35
37.6600   31
37.6800   25
37.7000   18
37.7200   23
37.7400   19
37.7600   15
37.7800   11
37.8000   15
37.8200   12
37.8400   18
37.8600   9
37.8800   16
37.9000   12
37.9200   12
37.9400   11
37.9600   13
37.9800   12
38.0000   17
38.0200   20
38.0400   21
38.0600   14
38.0800   14
38.1000   13
38.1200   13
38.1400   11
38.1600   16
38.1800   15
38.2000   8
38.2200   16
38.2400   16
38.2600   14
38.2800   9
38.3000   12
38.3200   9
38.3400   7
38.3600   15
38.3800   20
38.4000   14
38.4200   11
38.4400   10
38.4600   10
38.4800   9
38.5000   14
38.5200   28
38.5400   13
38.5600   18
38.5800   10
38.6000   16
38.6200   14
38.6400   16
38.6600   15
38.6800   12
38.7000   11
38.7200   9
38.7400   14
38.7600   16
38.7800   11
38.8000   15
38.8200   16
38.8400   11
38.8600   9
38.8800   10
38.9000   9
38.9200   12
38.9400   10
38.9600   11
38.9800   14
39.0000   16
39.0200   11
39.0400   11
39.0600   9
39.0800   14
39.1000   8
39.1200   12
39.1400   10
39.1600   11
39.1800   14
39.2000   4
39.2200   13
39.2400   12
39.2600   7
39.2800   9
39.3000   6
39.3200   13
39.3400   11
39.3600   10
39.3800   9
39.4000   11
39.4200   11
39.4400   11
39.4600   11
39.4800   9
39.5000   11
39.5200   16
39.5400   10
39.5600   11
39.5800   18
39.6000   19
39.6200   14
39.6400   11
39.6600   14
39.6800   14
39.7000   22
39.7200   20
39.7400   22
39.7600   18
39.7800   19
39.8000   25
39.8200   11
39.8400   19
39.8600   18
39.8800   16
39.9000   19
39.9200   13
39.9400   14
39.9600   19
39.9800   12
40.0000   13
40.0200   12
40.0400   9
40.0600   16
40.0800   14
40.1000   8
40.1200   11
40.1400   10
40.1600   9
40.1800   9
40.2000   17
40.2200   6
40.2400   15
40.2600   8
40.2800   23
40.3000   11
40.3200   9
40.3400   16
40.3600   12
40.3800   9
40.4000   14
40.4200   12
40.4400   16
40.4600   14
40.4800   15
40.5000   26
40.5200   16
40.5400   15
40.5600   19
40.5800   13
40.6000   17
40.6200   23
40.6400   23
40.6600   21
40.6800   21
40.7000   21
40.7200   10
40.7400   18
40.7600   26
40.7800   11
40.8000   21
40.8200   9
40.8400   15
40.8600   8
40.8800   18
40.9000   13
40.9200   12
40.9400   14
40.9600   16
40.9800   10
41.0000   14
41.0200   12
41.0400   14
41.0600   10
41.0800   15
41.1000   12
41.1200   11
41.1400   10
41.1600   9
41.1800   18
41.2000   9
41.2200   12
41.2400   17
41.2600   15
41.2800   8
41.3000   10
41.3200   9
41.3400   9
41.3600   12
41.3800   15
41.4000   11
41.4200   12
41.4400   10
41.4600   15
41.4800   10
41.5000   11
41.5200   7
41.5400   12
41.5600   13
41.5800   15
41.6000   18
41.6200   10
41.6400   18
41.6600   10
41.6800   12
41.7000   12
41.7200   12
41.7400   11
41.7600   14
41.7800   12
41.8000   13
41.8200   27
41.8400   12
41.8600   10
41.8800   11
41.9000   14
41.9200   10
41.9400   14
41.9600   18
41.9800   17
42.0000   13
42.0200   15
42.0400   25
42.0600   14
42.0800   15
42.1000   13
42.1200   15
42.1400   17
42.1600   17
42.1800   20
42.2000   13
42.2200   31
42.2400   22
42.2600   22
42.2800   15
42.3000   26
42.3200   24
42.3400   20
42.3600   23
42.3800   27
42.4000   33
42.4200   27
42.4400   25
42.4600   28
42.4800   16
42.5000   21
42.5200   27
42.5400   15
42.5600   17
42.5800   15
42.6000   16
42.6200   17
42.6400   24
42.6600   16
42.6800   7
42.7000   11
42.7200   12
42.7400   13
42.7600   11
42.7800   11
42.8000   11
42.8200   12
42.8400   15
42.8600   17
42.8800   14
42.9000   8
42.9200   14
42.9400   10
42.9600   8
42.9800   13
43.0000   13
43.0200   19
43.0400   9
43.0600   13
43.0800   10
43.1000   13
43.1200   13
43.1400   12
43.1600   19
43.1800   13
43.2000   15
43.2200   11
43.2400   16
43.2600   11
43.2800   19
43.3000   13
43.3200   17
43.3400   19
43.3600   27
43.3800   20
43.4000   22
43.4200   12
43.4400   23
43.4600   15
43.4800   16
43.5000   14
43.5200   21
43.5400   10
43.5600   10
43.5800   11
43.6000   9
43.6200   15
43.6400   8
43.6600   15
43.6800   20
43.7000   6
43.7200   12
43.7400   14
43.7600   12
43.7800   6
43.8000   14
43.8200   13
43.8400   6
43.8600   8
43.8800   13
43.9000   19
43.9200   8
43.9400   12
43.9600   15
43.9800   10
44.0000   11
44.0200   12
44.0400   14
44.0600   7
44.0800   14
44.1000   15
44.1200   12
44.1400   15
44.1600   12
44.1800   19
44.2000   9
44.2200   9
44.2400   6
44.2600   9
44.2800   9
44.3000   10
44.3200   16
44.3400   8
44.3600   15
44.3800   18
44.4000   12
44.4200   7
44.4400   16
44.4600   9
44.4800   13
44.5000   8
44.5200   5
44.5400   14
44.5600   7
44.5800   11
44.6000   20
44.6200   6
44.6400   10
44.6600   12
44.6800   10
44.7000   13
44.7200   13
44.7400   14
44.7600   12
44.7800   8
44.8000   17
44.8200   12
44.8400   8
44.8600   9
44.8800   14
44.9000   5
44.9200   15
44.9400   11
44.9600   7
44.9800   9
45.0000   9
45.0200   10
45.0400   11
45.0600   9
45.0800   13
45.1000   9
45.1200   11
45.1400   12
45.1600   11
45.1800   10
45.2000   21
45.2200   14
45.2400   15
45.2600   9
45.2800   14
45.3000   15
45.3200   14
45.3400   14
45.3600   12
45.3800   12
45.4000   11
45.4200   13
45.4400   11
45.4600   17
45.4800   15
45.5000   16
45.5200   14
45.5400   17
45.5600   14
45.5800   22
45.6000   6
45.6200   15
45.6400   17
45.6600   12
45.6800   20
45.7000   18
45.7200   15
45.7400   20
45.7600   11
45.7800   22
45.8000   17
45.8200   16
45.8400   23
45.8600   21
45.8800   18
45.9000   20
45.9200   18
45.9400   22
45.9600   21
45.9800   15
46.0000   19
46.0200   11
46.0400   22
46.0600   23
46.0800   16
46.1000   19
46.1200   12
46.1400   15
46.1600   6
46.1800   13
46.2000   18
46.2200   14
46.2400   16
46.2600   11
46.2800   16
46.3000   15
46.3200   28
46.3400   18
46.3600   20
46.3800   10
46.4000   24
46.4200   17
46.4400   20
46.4600   22
46.4800   25
46.5000   36
46.5200   22
46.5400   29
46.5600   41
46.5800   19
46.6000   35
46.6200   34
46.6400   37
46.6600   27
46.6800   33
46.7000   33
46.7200   17
46.7400   23
46.7600   11
46.7800   26
46.8000   16
46.8200   17
46.8400   19
46.8600   14
46.8800   25
46.9000   14
46.9200   11
46.9400   14
46.9600   12
46.9800   11
47.0000   10
47.0200   15
47.0400   22
47.0600   14
47.0800   17
47.1000   18
47.1200   16
47.1400   7
47.1600   5
47.1800   11
47.2000   14
47.2200   13
47.2400   21
47.2600   11
47.2800   13
47.3000   13
47.3200   22
47.3400   7
47.3600   11
47.3800   10
47.4000   7
47.4200   16
47.4400   9
47.4600   12
47.4800   8
47.5000   17
47.5200   10
47.5400   11
47.5600   7
47.5800   7
47.6000   16
47.6200   13
47.6400   13
47.6600   11
47.6800   10
47.7000   11
47.7200   13
47.7400   10
47.7600   13
47.7800   9
47.8000   15
47.8200   14
47.8400   6
47.8600   14
47.8800   17
47.9000   19
47.9200   14
47.9400   8
47.9600   8
47.9800   16
48.0000   20
48.0200   19
48.0400   14
48.0600   17
48.0800   8
48.1000   10
48.1200   18
48.1400   16
48.1600   18
48.1800   15
48.2000   23
48.2200   18
48.2400   14
48.2600   17
48.2800   16
48.3000   20
48.3200   17
48.3400   26
48.3600   17
48.3800   21
48.4000   23
48.4200   25
48.4400   27
48.4600   32
48.4800   27
48.5000   31
48.5200   31
48.5400   26
48.5600   33
48.5800   22
48.6000   22
48.6200   31
48.6400   19
48.6600   10
48.6800   28
48.7000   20
48.7200   20
48.7400   13
48.7600   14
48.7800   22
48.8000   12
48.8200   16
48.8400   12
48.8600   8
48.8800   12
48.9000   15
48.9200   12
48.9400   16
48.9600   17
48.9800   11
49.0000   17
49.0200   10
49.0400   12
49.0600   11
49.0800   13
49.1000   10
49.1200   14
49.1400   10
49.1600   10
49.1800   14
49.2000   11
49.2200   10
49.2400   13
49.2600   11
49.2800   11
49.3000   11
49.3200   21
49.3400   9
49.3600   14
49.3800   13
49.4000   10
49.4200   17
49.4400   9
49.4600   9
49.4800   12
49.5000   11
49.5200   18
49.5400   16
49.5600   13
49.5800   11
49.6000   13
49.6200   8
49.6400   7
49.6600   19
49.6800   15
49.7000   15
49.7200   9
49.7400   10
49.7600   12
49.7800   13
49.8000   10
49.8200   10
49.8400   17
49.8600   9
49.8800   11
49.9000   21
49.9200   17
49.9400   14
49.9600   11
49.9800   16
50.0000   17
50.0200   14
50.0400   14
50.0600   10
50.0800   7
50.1000   7
50.1200   16
50.1400   8
50.1600   12
50.1800   17
50.2000   16
50.2200   11
50.2400   19
50.2600   16
50.2800   15
50.3000   7
50.3200   16
50.3400   13
50.3600   16
50.3800   16
50.4000   9
50.4200   12
50.4400   13
50.4600   21
50.4800   16
50.5000   15
50.5200   19
50.5400   16
50.5600   19
50.5800   17
50.6000   9
50.6200   13
50.6400   11
50.6600   9
50.6800   18
50.7000   7
50.7200   11
50.7400   12
50.7600   14
50.7800   13
50.8000   22
50.8200   16
50.8400   14
50.8600   9
50.8800   11
50.9000   19
50.9200   16
50.9400   13
50.9600   12
50.9800   14
51.0000   18
51.0200   12
51.0400   13
51.0600   17
51.0800   14
51.1000   14
51.1200   18
51.1400   19
51.1600   14
51.1800   8
51.2000   19
51.2200   14
51.2400   15
51.2600   10
51.2800   19
51.3000   17
51.3200   15
51.3400   12
51.3600   14
51.3800   22
51.4000   13
51.4200   14
51.4400   13
51.4600   18
51.4800   14
51.5000   23
51.5200   11
51.5400   13
51.5600   14
51.5800   14
51.6000   14
51.6200   14
51.6400   16
51.6600   23
51.6800   9
51.7000   21
51.7200   18
51.7400   24
51.7600   15
51.7800   11
51.8000   20
51.8200   13
51.8400   19
51.8600   24
51.8800   9
51.9000   15
51.9200   12
51.9400   18
51.9600   14
51.9800   16
52.0000   19
52.0200   21
52.0400   23
52.0600   17
52.0800   25
52.1000   26
52.1200   18
52.1400   26
52.1600   7
52.1800   21
52.2000   24
52.2200   28
52.2400   38
52.2600   35
52.2800   26
52.3000   29
52.3200   41
52.3400   39
52.3600   35
52.3800   36
52.4000   26
52.4200   27
52.4400   29
52.4600   19
52.4800   35
52.5000   19
52.5200   24
52.5400   20
52.5600   20
52.5800   15
52.6000   11
52.6200   19
52.6400   23
52.6600   13
52.6800   13
52.7000   14
52.7200   14
52.7400   9
52.7600   12
52.7800   11
52.8000   9
52.8200   7
52.8400   16
52.8600   13
52.8800   19
52.9000   5
52.9200   16
52.9400   17
52.9600   11
52.9800   16
53.0000   5
53.0200   14
53.0400   14
53.0600   18
53.0800   18
53.1000   10
53.1200   9
53.1400   9
53.1600   10
53.1800   12
53.2000   15
53.2200   13
53.2400   17
53.2600   14
53.2800   10
53.3000   12
53.3200   20
53.3400   13
53.3600   11
53.3800   11
53.4000   13
53.4200   16
53.4400   11
53.4600   13
53.4800   13
53.5000   17
53.5200   12
53.5400   14
53.5600   11
53.5800   10
53.6000   14
53.6200   16
53.6400   13
53.6600   20
53.6800   8
53.7000   17
53.7200   13
53.7400   12
53.7600   13
53.7800   8
53.8000   17
53.8200   12
53.8400   16
53.8600   11
53.8800   8
53.9000   12
53.9200   17
53.9400   14
53.9600   14
53.9800   6
54.0000   18
54.0200   11
54.0400   16
54.0600   18
54.0800   9
54.1000   7
54.1200   18
54.1400   19
54.1600   11
54.1800   15
54.2000   16
54.2200   13
54.2400   16
54.2600   13
54.2800   20
54.3000   13
54.3200   10
54.3400   14
54.3600   21
54.3800   20
54.4000   17
54.4200   10
54.4400   17
54.4600   17
54.4800   16
54.5000   14
54.5200   16
54.5400   14
54.5600   14
54.5800   19
54.6000   16
54.6200   13
54.6400   20
54.6600   12
54.6800   17
54.7000   16
54.7200   14
54.7400   14
54.7600   21
54.7800   18
54.8000   24
54.8200   20
54.8400   22
54.8600   18
54.8800   22
54.9000   19
54.9200   12
54.9400   17
54.9600   23
54.9800   17
55.0000   11
55.0200   13
55.0400   14
55.0600   18
55.0800   17
55.1000   17
55.1200   18
55.1400   17
55.1600   18
55.1800   16
55.2000   17
55.2200   8
55.2400   14
55.2600   10
55.2800   20
55.3000   18
55.3200   23
55.3400   17
55.3600   27
55.3800   27
55.4000   18
55.4200   16
55.4400   13
55.4600   24
55.4800   28
55.5000   27
55.5200   24
55.5400   21
55.5600   21
55.5800   33
55.6000   22
55.6200   21
55.6400   20
55.6600   22
55.6800   24
55.7000   13
55.7200   27
55.7400   27
55.7600   16
55.7800   14
55.8000   14
55.8200   14
55.8400   16
55.8600   15
55.8800   18
55.9000   16
55.9200   22
55.9400   12
55.9600   9
55.9800   4
56.0000   16
56.0200   15
56.0400   15
56.0600   19
56.0800   14
56.1000   11
56.1200   12
56.1400   10
56.1600   12
56.1800   17
56.2000   12
56.2200   15
56.2400   11
56.2600   18
56.2800   10
56.3000   13
56.3200   11
56.3400   9
56.3600   15
56.3800   18
56.4000   10
56.4200   15
56.4400   14
56.4600   9
56.4800   10
56.5000   12
56.5200   9
56.5400   14
56.5600   11
56.5800   12
56.6000   15
56.6200   16
56.6400   10
56.6600   19
56.6800   14
56.7000   8
56.7200   18
56.7400   15
56.7600   9
56.7800   16
56.8000   14
56.8200   11
56.8400   11
56.8600   21
56.8800   11
56.9000   18
56.9200   11
56.9400   20
56.9600   16
56.9800   21
57.0000   11
57.0200   18
57.0400   11
57.0600   29
57.0800   21
57.1000   24
57.1200   17
57.1400   20
57.1600   15
57.1800   14
57.2000   17
57.2200   29
57.2400   28
57.2600   23
57.2800   32
57.3000   23
57.3200   40
57.3400   33
57.3600   40
57.3800   38
57.4000   36
57.4200   29
57.4400   41
57.4600   34
57.4800   48
57.5000   31
57.5200   29
57.5400   27
57.5600   37
57.5800   29
57.6000   25
57.6200   24
57.6400   27
57.6600   17
57.6800   21
57.7000   22
57.7200   20
57.7400   14
57.7600   22
57.7800   17
57.8000   19
57.8200   16
57.8400   19
57.8600   16
57.8800   25
57.9000   14
57.9200   20
57.9400   25
57.9600   16
57.9800   12
58.0000   20
58.0200   9
58.0400   19
58.0600   16
58.0800   15
58.1000   14
58.1200   21
58.1400   19
58.1600   11
58.1800   16
58.2000   15
58.2200   10
58.2400   14
58.2600   12
58.2800   18
58.3000   24
58.3200   15
58.3400   18
58.3600   12
58.3800   8
58.4000   11
58.4200   5
58.4400   9
58.4600   12
58.4800   20
58.5000   13
58.5200   13
58.5400   10
58.5600   9
58.5800   7
58.6000   13
58.6200   14
58.6400   16
58.6600   13
58.6800   13
58.7000   14
58.7200   8
58.7400   15
58.7600   15
58.7800   18
58.8000   10
58.8200   11
58.8400   12
58.8600   10
58.8800   20
58.9000   17
58.9200   13
58.9400   19
58.9600   10
58.9800   12
59.0000   11
59.0200   9
59.0400   12
59.0600   14
59.0800   18
59.1000   10
59.1200   9
59.1400   10
59.1600   16
59.1800   12
59.2000   7
59.2200   16
59.2400   17
59.2600   12
59.2800   14
59.3000   11
59.3200   13
59.3400   12
59.3600   7
59.3800   15
59.4000   9
59.4200   9
59.4400   11
59.4600   10
59.4800   12
59.5000   14
59.5200   16
59.5400   10
59.5600   11
59.5800   12
59.6000   18
59.6200   18
59.6400   11
59.6600   16
59.6800   11
59.7000   10
59.7200   14
59.7400   10
59.7600   16
59.7800   15
59.8000   11
59.8200   11
59.8400   10
59.8600   13
59.8800   10
59.9000   14
59.9200   10
59.9400   15
59.9600   15
59.9800   12
60.0000   13
60.0200   18
60.0400   11
60.0600   12
60.0800   18
60.1000   6
60.1200   14
60.1400   17
60.1600   14
60.1800   15
60.2000   13
60.2200   16
60.2400   17
60.2600   16
60.2800   17
60.3000   23
60.3200   14
60.3400   20
60.3600   22
60.3800   20
60.4000   12
60.4200   23
60.4400   20
60.4600   21
60.4800   16
60.5000   12
60.5200   15
60.5400   17
60.5600   12
60.5800   17
60.6000   11
60.6200   16
60.6400   6
60.6600   13
60.6800   7
60.7000   23
60.7200   14
60.7400   11
60.7600   15
60.7800   15
60.8000   18
60.8200   19
60.8400   15
60.8600   13
60.8800   13
60.9000   14
60.9200   15
60.9400   8
60.9600   22
60.9800   9
61.0000   11
61.0200   20
61.0400   19
61.0600   12
61.0800   16
61.1000   17
61.1200   6
61.1400   12
61.1600   11
61.1800   5
61.2000   8
61.2200   14
61.2400   11
61.2600   13
61.2800   19
61.3000   14
61.3200   14
61.3400   18
61.3600   8
61.3800   12
61.4000   13
61.4200   13
61.4400   7
61.4600   17
61.4800   19
61.5000   13
61.5200   13
61.5400   28
61.5600   20
61.5800   23
61.6000   20
61.6200   14
61.6400   16
61.6600   26
61.6800   26
61.7000   20
61.7200   31
61.7400   33
61.7600   40
61.7800   24
61.8000   27
61.8200   33
61.8400   29
61.8600   37
61.8800   40
61.9000   44
61.9200   28
61.9400   32
61.9600   42
61.9800   32
62.0000   43
62.0200   43
62.0400   32
62.0600   36
62.0800   44
62.1000   37
62.1200   24
62.1400   30
62.1600   27
62.1800   21
62.2000   23
62.2200   16
62.2400   16
62.2600   20
62.2800   9
62.3000   15
62.3200   19
62.3400   13
62.3600   10
62.3800   14
62.4000   15
62.4200   18
62.4400   18
62.4600   17
62.4800   11
62.5000   19
62.5200   13
62.5400   14
62.5600   16
62.5800   13
62.6000   7
62.6200   16
62.6400   24
62.6600   10
62.6800   20
62.7000   13
62.7200   15
62.7400   17
62.7600   11
62.7800   14
62.8000   11
62.8200   17
62.8400   9
62.8600   7
62.8800   17
62.9000   11
62.9200   15
62.9400   18
62.9600   19
62.9800   19
63.0000   19
63.0200   22
63.0400   19
63.0600   22
63.0800   15
63.1000   25
63.1200   27
63.1400   24
63.1600   17
63.1800   29
63.2000   20
63.2200   20
63.2400   22
63.2600   22
63.2800   29
63.3000   21
63.3200   16
63.3400   19
63.3600   16
63.3800   29
63.4000   19
63.4200   24
63.4400   20
63.4600   25
63.4800   19
63.5000   30
63.5200   20
63.5400   25
63.5600   26
63.5800   16
63.6000   25
63.6200   19
63.6400   18
63.6600   34
63.6800   15
63.7000   24
63.7200   24
63.7400   16
63.7600   15
63.7800   13
63.8000   18
63.8200   24
63.8400   10
63.8600   23
63.8800   22
63.9000   22
63.9200   23
63.9400   24
63.9600   33
63.9800   23
64.0000   22
64.0200   23
64.0400   22
64.0600   32
64.0800   20
64.1000   27
64.1200   28
64.1400   26
64.1600   31
64.1800   20
64.2000   21
64.2200   25
64.2400   17
64.2600   14
64.2800   10
64.3000   21
64.3200   13
64.3400   15
64.3600   22
64.3800   15
64.4000   19
64.4200   10
64.4400   15
64.4600   13
64.4800   13
64.5000   15
64.5200   16
64.5400   9
64.5600   13
64.5800   9
64.6000   22
64.6200   10
64.6400   12
64.6600   15
64.6800   18
64.7000   13
64.7200   14
64.7400   13
64.7600   12
64.7800   17
64.8000   9
64.8200   13
64.8400   14
64.8600   9
64.8800   18
64.9000   11
64.9200   12
64.9400   15
64.9600   16
64.9800   14
65.0000   16
65.0200   15
65.0400   20
65.0600   16
65.0800   16
65.1000   8
65.1200   16
65.1400   10
65.1600   10
65.1800   14
65.2000   11
65.2200   12
65.2400   14
65.2600   18
65.2800   12
65.3000   16
65.3200   15
65.3400   8
65.3600   13
65.3800   13
65.4000   10
65.4200   12
65.4400   16
65.4600   15
65.4800   12
65.5000   18
65.5200   13
65.5400   19
65.5600   14
65.5800   16
65.6000   19
65.6200   16
65.6400   22
65.6600   19
65.6800   18
65.7000   15
65.7200   13
65.7400   11
65.7600   21
65.7800   15
65.8000   19
65.8200   15
65.8400   22
65.8600   18
65.8800   26
65.9000   19
65.9200   22
65.9400   21
65.9600   18
65.9800   24
66.0000   23
66.0200   22
66.0400   23
66.0600   13
66.0800   25
66.1000   19
66.1200   15
66.1400   12
66.1600   18
66.1800   24
66.2000   13
66.2200   15
66.2400   20
66.2600   21
66.2800   24
66.3000   14
66.3200   13
66.3400   13
66.3600   15
66.3800   15
66.4000   14
66.4200   7
66.4400   9
66.4600   13
66.4800   9
66.5000   9
66.5200   13
66.5400   6
66.5600   19
66.5800   9
66.6000   15
66.6200   10
66.6400   6
66.6600   13
66.6800   16
66.7000   16
66.7200   7
66.7400   8
66.7600   19
66.7800   14
66.8000   16
66.8200   17
66.8400   21
66.8600   18
66.8800   15
66.9000   13
66.9200   14
66.9400   16
66.9600   12
66.9800   9
67.0000   16
67.0200   17
67.0400   14
67.0600   14
67.0800   11
67.1000   13
67.1200   21
67.1400   11
67.1600   12
67.1800   24
67.2000   21
67.2200   16
67.2400   23
67.2600   12
67.2800   13
67.3000   12
67.3200   10
67.3400   8
67.3600   17
67.3800   17
67.4000   11
67.4200   15
67.4400   10
67.4600   20
67.4800   15
67.5000   6
67.5200   11
67.5400   21
67.5600   8
67.5800   11
67.6000   12
67.6200   19
67.6400   16
67.6600   13
67.6800   19
67.7000   10
67.7200   16
67.7400   19
67.7600   13
67.7800   14
67.8000   11
67.8200   18
67.8400   11
67.8600   17
67.8800   13
67.9000   9
67.9200   16
67.9400   20
67.9600   13
67.9800   13
68.0000   20
68.0200   16
68.0400   13
68.0600   16
68.0800   17
68.1000   22
68.1200   15
68.1400   12
68.1600   18
68.1800   18
68.2000   18
68.2200   15
68.2400   17
68.2600   11
68.2800   22
68.3000   21
68.3200   16
68.3400   33
68.3600   16
68.3800   18
68.4000   20
68.4200   26
68.4400   13
68.4600   26
68.4800   22
68.5000   16
68.5200   26
68.5400   28
68.5600   23
68.5800   23
68.6000   26
68.6200   28
68.6400   14
68.6600   28
68.6800   23
68.7000   24
68.7200   23
68.7400   29
68.7600   24
68.7800   20
68.8000   26
68.8200   23
68.8400   14
68.8600   19
68.8800   16
68.9000   10
68.9200   24
68.9400   21
68.9600   11
68.9800   11
69.0000   14
69.0200   14
69.0400   10
69.0600   26
69.0800   16
69.1000   18
69.1200   10
69.1400   13
69.1600   20
69.1800   16
69.2000   18
69.2200   17
69.2400   16
69.2600   13
69.2800   8
69.3000   13
69.3200   19
69.3400   13
69.3600   10
69.3800   16
69.4000   20
69.4200   18
69.4400   22
69.4600   13
69.4800   19
69.5000   10
69.5200   13
69.5400   22
69.5600   17
69.5800   20
69.6000   15
69.6200   11
69.6400   18
69.6600   19
69.6800   13
69.7000   23
69.7200   17
69.7400   15
69.7600   14
69.7800   13
69.8000   12
69.8200   14
69.8400   16
69.8600   13
69.8800   9
69.9000   9
69.9200   15
69.9400   9
69.9600   14
69.9800   6
70.0000   11
